3407
7820
5049
1530
865
3875
518
4160
5626
4801
3284
5467
6190
7298
4309
2292
5323
808
5776
5968
7671
1286
1952
5611
3286
4663
4075
2742
5143
3083
7549
5443
631
799
7310
7944
4426
2298
5565
1830
5959
5690
7871
5434
4327
6785
4330
7835
495
7653
7865
4724
5574
5681
3399
6129
3735
4255
3355
6216
6763
6537
737
4272
3628
5357
3726
1651
1805
2345
4353
3985
7812
1611
4704
6654
1693
2889
1222
7909
2646
236
5048
7711
3760
416
61
492
1990
5652
2773
1058
7199
407
7748
6474
512
7371
6791
62
2242
2685
3135
6559
6254
6081
6980
6110
3684
7058
2810
3101
1583
3652
1953
2627
6408
3100
6576
6386
3303
1794
6335
3590
4201
3558
2084
7968
6286
41
304
1564
5697
5518
3514
4620
3407
3216
6517
5676
4109
901
5880
7155
2671
2013
4556
3148
3088
1404
5612
1207
7981
6388
4531
4606
5898
1982
2762
6786
2100
881
348
6857
2555
6723
407
5551
3265
7552
1322
6128
899
2698
3234
5685
1037
6584
7486
6070
5328
6316
7782
3264
692
6452
7278
6708
2415
516
726
7480
724
1654
5984
1882
3161
5534
240
2474
1700
3788
5681
4411
422
455
2328
5891
1412
1808
1307
6825
3001
4210
7821
2330
1603
7993
4157
4294
391
3585
3722
1529
7760
2899
840
7321
7963
1211
6686
7395
1891
1612
4387
3774
7026
2666
644
4679
7503
6971
3409
5
835
308
2007
4817
4681
6408
5742
5661
3499
2155
669
2333
2827
3541
7552
7704
5111
1437
4230
5625
239
4445
1932
1441
721
1199
2410
2919
6630
1174
3784
2627
3272
3904
2767
3428
7383
5978
760
902
3315
7203
4612
6937
3105
7327
6792
4614
2420
4716
2540
4474
2877
5056
7261
2454
4099
1442
3063
6658
6524
6245
4367
320
3940
3215
2275
5439
5797
1413
6834
128
5852
4
2436
6384
5933
5329
6042
394
6409
3780
2172
1371
4741
1862
7833
1397
3766
2218
780
4510
639
7037
7627
5534
4882
7757
7089
7532
7435
2079
374
6555
3616
7972
4351
620
3009
7149
735
4370
3582
1332
4506
3370
1983
3253
6529
5705
5608
6478
3660
7844
3286
6055
1185
1297
4556
2590
2711
4813
4352
1830
472
3594
2838
1560
961
3664
3556
4286
600
3694
6470
1542
7538
2184
4256
5739
3527
1520
386
7927
3312
595
7771
1737
428
6521
3047
4260
5953
1549
7576
3939
3346
3381
5456
5185
13
7893
2261
6208
5777
7077
3551
3078
1346
2140
4572
2633
5494
2279
1399
3899
6668
6391
6941
715
7652
3129
7665
3080
7092
6109
5573
5654
3372
5529
2809
4044
6639
2392
5061
4351
2506
3083
6447
3592
6698
5259
6367
7060
2211
5546
7843
7585
4067
2398
6623
1852
5260
7306
656
1274
1886
101
5326
4949
7540
402
5494
5434
2501
6550
2516
7558
3496
4436
1764
877
1787
2159
7503
2398
6428
1345
614
3685
5300
273
1745
7865
4518
1555
3552
829
3238
5051
3029
5047
5412
2941
700
3045
4690
991
5268
6525
99
6319
7183
4394
835
2567
6407
4075
2899
156
5639
3842
7048
7493
3346
4691
3867
7936
1873
424
2998
601
592
5174
1042
1218
6392
5769
6087
2509
7680
2455
4401
7512
6596
7692
5789
1461
2199
4695
2447
4584
398
2038
7358
1238
1005
7667
1709
20
7682
4593
1484
6292
3785
2393
1760
3766
4453
7751
6933
6586
2050
4976
1081
1714
5753
1345
7742
7984
67
3709
4505
6306
6753
4613
5915
4985
1495
1027
1376
1090
4325
5743
839
7506
1050
6872
3881
4582
7407
2732
3129
2613
2346
3192
1469
3415
6497
7259
5505
3960
7611
2138
361
3889
2919
518
6744
2037
6636
3987
4463
6982
6872
2786
2164
7996
5165
2946
1839
2229
6732
5685
2059
7098
4784
4760
2952
4788
7628
5337
1337
5840
3619
3321
2645
7607
6882
7201
2351
5144
1391
2751
2868
2802
4228
5687
5341
4284
4282
1058
5894
4398
5090
1946
5131
5734
368
5015
7775
5149
6854
1321
4541
3251
1543
593
1918
7341
78
1885
1066
7532
2309
3538
4888
1871
4989
401
6106
1323
7748
7721
3657
5339
4956
6159
48
365
4906
6464
2989
7264
3568
5107
3317
6280
3934
1585
2688
5173
512
6750
4719
815
1848
114
4483
7593
605
6989
6872
4555
2711
142
3521
924
7566
2381
3700
4564
637
5259
5424
415
6247
2203
4905
89
4682
7526
5855
6897
7041
7537
6610
6533
1454
1216
5832
2413
1766
585
5101
5117
3783
2041
7317
5371
6801
6678
2662
223
1067
1215
1002
5158
5335
4618
4560
4234
1360
2716
3185
7194
3440
529
3485
6772
6830
6532
720
185
2972
4903
3427
7286
1261
1446
2171
4164
6687
2429
2802
7376
1293
4250
332
252
35
688
92
1295
7133
201
7574
211
1374
1512
6502
6485
345
715
4048
4471
420
2457
2889
1780
549
591
6690
5465
4087
5609
4407
151
5915
7798
5798
7361
7932
5197
1161
480
5628
2192
1562
3587
2923
6942
1492
6604
491
5397
559
7213
7587
6177
7100
6456
140
523
2404
7817
3892
7071
4108
2953
5989
7985
531
5883
5890
1913
3116
1073
7643
362
6059
6119
3878
7381
4981
5055
3064
7096
184
7835
1565
4634
6714
5942
4481
4603
5422
167
7855
2052
4117
6424
5586
7824
1642
7093
2083
4388
255
3558
1031
1417
3591
6829
7915
3960
518
2122
6697
5572
3400
969
6161
5757
7535
2194
3037
1900
5942
1247
7132
4264
7055
904
7708
425
3496
1485
4279
1377
6193
5070
2984
510
4835
6021
5053
7355
2437
4021
6906
5803
6202
2402
5462
1128
3518
2254
3445
5567
7905
2635
489
5893
4828
2660
5267
7749
1187
6094
4701
1963
7665
464
1408
6627
2914
6841
4203
2914
1021
6379
5051
5415
2263
136
6588
4196
1048
7305
1690
398
2935
1482
6683
2827
2258
7990
7509
839
754
5576
732
7530
7680
4522
4268
4540
1148
899
1894
2379
4371
561
1738
1759
2692
3116
1833
5673
4929
2028
4626
4626
782
6297
7082
1189
2827
1593
6288
2964
929
4193
7361
7032
3132
6627
923
415
5168
4901
1960
5997
7449
5914
3669
5071
5933
1313
1142
5670
7971
5991
1624
72
2169
482
6627
3516
818
3606
1088
1081
6556
6191
1272
3627
48
6592
7060
7836
7281
6778
5065
6436
1046
190
7892
5612
3768
6579
4493
1480
2654
356
5660
4379
4470
1305
1220
4352
7181
5842
6569
4300
6939
6092
2673
6933
7647
2748
5999
4384
6867
2833
418
4471
3542
4591
3529
5962
1389
4864
7690
4411
5966
3708
4926
388
7258
2252
4634
1452
4051
7178
3739
3416
2773
2157
3002
3794
5206
7741
788
4188
4153
6402
1964
7255
6970
1137
3006
4420
811
2890
6482
375
1377
239
2831
5685
2244
512
7263
7565
627
1381
7404
4865
809
4726
4699
6085
7671
7371
5947
2924
6661
6783
346
174
3
7343
2756
6111
6671
5965
2171
7231
418
6746
523
5501
4164
6464
5784
3337
4197
5774
244
2025
783
1747
2042
1509
584
4740
423
1914
4037
500
5626
736
7012
5934
7024
179
7463
3483
5409
3374
7814
2796
4764
6190
15
7415
6387
7139
310
5735
6994
4630
6406
6796
5748
5247
6785
5333
7397
2986
1248
7825
6098
5073
3210
5258
6869
144
1758
6376
1353
56
7355
1307
4882
4739
5803
2821
5285
4355
2138
1534
1188
1370
1216
1181
380
7103
5595
5101
6154
3256
3653
7595
1790
4012
2161
2020
3147
1635
5609
7018
3773
6767
2103
1820
2280
6918
3419
3862
1673
2425
4662
4936
3142
6071
4306
7496
5243
307
5083
500
7349
5734
2840
3785
5454
5098
44
6559
3429
5659
1720
39
2411
1679
1029
3930
4413
6135
1424
3637
765
5575
6000
1553
1554
1862
5986
1520
5548
2707
4836
5634
5700
5915
4194
193
4069
6229
2998
4304
7730
3092
1570
5971
3843
1406
4881
7528
850
1905
7574
677
4798
2852
4668
6454
3614
2652
6611
5418
3706
7751
7425
3414
6812
7181
4924
6282
1941
5267
2560
7608
4796
4087
5394
1117
2964
3351
5818
3194
4747
3471
5697
1208
5003
3714
1131
5595
3445
2480
1460
2648
3296
1259
2680
7047
5086
5609
6849
3859
7806
1126
7102
5370
1155
3108
246
2188
682
5866
3741
3548
746
5076
475
1696
5119
2966
4408
5084
6237
517
302
3964
6596
4632
5713
3903
1007
1329
7480
2072
5998
7735
6647
141
5312
2582
2032
6355
7406
4488
3940
2402
273
337
4373
5833
5423
3485
2967
4043
4176
3720
1077
3853
5656
5288
7531
2800
6058
6637
7813
5692
890
2968
3982
7800
4060
778
2430
7972
194
6469
918
7144
3257
3721
689
1776
906
7970
1346
864
3960
575
7408
6031
7286
442
4038
3847
7145
1989
148
7065
1059
6220
3928
1923
3060
2214
1454
4171
2207
4034
6943
125
761
7768
4273
2804
4151
1796
4360
6512
5491
6056
6636
6635
6078
7615
2258
1575
1725
2035
5066
5787
236
1808
7394
3950
3222
4954
454
4928
2613
1068
6822
34
4861
3226
5000
6705
1394
6458
7386
5798
908
4066
1160
3199
4982
7991
6589
3483
4845
2207
6961
4434
2943
2139
1860
6313
6907
3022
4601
6720
519
842
3412
5499
1158
6032
1541
2323
7079
29
2969
2356
7485
2580
4194
6651
7334
3582
961
6029
6260
3851
488
4300
7623
7398
7213
7753
7817
5761
1486
6112
3592
4990
7143
6149
5609
3590
0
5550
1047
7084
5862
1615
6121
5840
6407
4464
4277
4688
6705
6525
6528
3832
6223
5544
7312
4215
2353
1598
5778
1074
3667
1190
3197
3661
5693
784
3020
4537
3788
5779
4913
5777
3374
7134
4763
3836
5090
1388
7756
3531
7307
694
7536
7112
1462
3951
5346
991
1690
1799
6221
4934
712
157
728
165
2275
4272
5733
5693
4770
678
1648
4455
6071
2871
5193
1141
1510
2189
1197
6524
2943
323
4176
1899
3721
1380
6180
3845
3056
7916
2647
2799
2961
4010
7317
1376
7716
4791
2168
5029
4878
3698
1595
5572
2674
529
1224
5626
1470
2456
5976
7712
7044
4201
5465
5182
6082
4578
4917
5677
3660
6001
2675
4813
7966
7271
6620
1486
6676
615
6034
292
1122
5509
6914
3449
1347
5754
1237
4618
3581
6093
5027
4139
2785
1752
7406
7094
4372
2221
7180
953
7013
6987
69
93
1757
2098
7387
6331
2594
4269
651
4154
1183
7998
2715
2204
4695
462
1483
274
1738
7680
5722
3791
1471
5988
7515
3397
1946
5447
792
6963
6110
4635
6351
5204
4009
392
4902
3057
3938
338
7107
5969
7523
6186
6052
2894
6505
3822
2340
2511
3852
3181
7586
6209
2931
1979
3859
252
7108
4555
1626
7507
273
4127
5619
4750
4916
4955
5397
5632
7967
758
4894
4910
3804
3285
7900
765
536
7730
4857
6133
1437
1550
3790
6529
7632
3802
5931
5367
133
62
4487
5634
2211
5609
4334
2546
3001
6436
673
4744
4391
0
6019
2765
4528
6627
6273
1455
5615
2341
3836
4499
6195
4787
4675
2140
1840
5059
2972
1791
1604
1576
2018
4772
3850
4695
1368
6802
5095
7612
1283
5944
598
6681
5789
5197
177
7334
7542
5831
3960
6263
7671
4861
7123
5078
5335
6965
6857
4658
6720
2482
1414
2473
927
5211
5348
2953
7327
5786
2640
1268
1425
856
6890
289
2579
660
3
5618
2197
1863
3332
5874
1422
6765
1593
6064
5928
7053
50
1239
7758
5479
2719
5774
1147
4748
1853
3987
2568
688
5273
358
1437
4560
1934
7140
1292
1205
980
7859
1174
5340
1728
3443
5942
5039
7884
5715
3714
2946
7996
1224
3290
534
7966
3946
6047
2730
5540
1591
2411
2075
6500
4301
4372
7850
5478
2702
488
1045
896
582
4267
6303
6269
5344
7674
1920
7815
5756
4858
3294
564
3255
3217
701
7035
4904
6267
5496
2673
7067
