1610
2424
3507
1206
3865
2147
2424
3720
2675
2415
2180
1657
3862
2443
3807
2615
3135
1266
2934
1743
406
2107
3643
1004
2869
1291
1992
3128
609
438
3735
1980
1940
1514
3911
1088
1484
3937
45
2071
109
1615
3531
2766
1577
400
2539
2805
2066
2548
1816
2593
621
2418
3356
229
1122
2505
2591
1603
823
1868
3552
3446
3731
140
3786
3129
2095
1797
9
1129
3509
1363
2631
3436
3323
2797
209
1135
2879
1492
1008
3140
135
2139
1083
1332
962
2978
2547
2212
2916
2457
3000
2056
3933
519
3958
3585
84
1939
2738
995
1456
787
3186
877
1896
3224
3567
2505
2669
3187
3621
2344
3337
3700
411
1697
1605
1553
127
1765
1805
2945
1739
3853
2387
3263
2330
2707
2771
1726
1466
1643
2197
735
2861
3677
589
2512
2235
541
199
636
3716
1716
1823
168
1199
1512
167
2193
2960
262
1016
2891
2778
3075
1783
488
3575
1515
467
3048
3808
2796
2718
180
3515
2754
2735
1779
226
1018
653
309
3260
1558
942
2857
3508
2400
2361
2298
1318
516
735
2876
3545
3669
3058
1599
448
1063
377
3951
2096
1952
1489
2231
3873
3423
2833
2454
2719
2702
2113
212
2524
2724
2975
2754
2129
765
2130
1359
1073
2269
734
2084
526
1375
2951
3517
503
342
1942
649
1566
1202
2161
69
3456
3137
731
3255
1761
3660
818
442
2287
2179
1200
3760
214
3132
380
1117
653
378
3488
2686
1774
2483
1346
3020
1355
1334
3640
3128
2947
2759
1353
3308
535
2781
461
1016
451
2511
1009
1604
3294
2925
351
406
3448
1667
2593
3691
2787
3983
812
3038
3194
3584
2976
1187
3286
1820
627
2653
2111
3906
705
3328
3904
89
394
2735
461
836
2870
3077
1294
3733
2268
1716
2320
170
3709
3215
901
1095
2036
1165
1857
506
515
437
2203
3805
1939
20
2836
1355
3650
2259
1421
885
2215
3811
2386
3503
23
2935
311
369
2738
316
2520
1091
3752
1322
3564
3591
3844
3930
922
2173
3261
1132
1252
3506
3622
2469
677
243
2445
1929
3014
557
2585
2331
3182
366
1999
2006
1548
351
3544
3179
1548
2042
932
1434
2425
2228
2062
1621
162
3444
256
2619
897
1884
3889
3581
1876
350
1475
205
2730
1537
1380
2553
3424
1379
3791
1109
3154
742
3647
3899
1603
3906
1741
175
2061
3833
1946
3710
1118
2816
2057
2935
3492
3886
3764
769
2048
2535
1847
492
3752
2361
2374
2862
1712
1590
3758
3026
1664
932
3679
2907
180
1206
2184
675
1390
47
689
355
3829
3004
304
3662
642
207
3555
968
1027
3618
1528
1123
1536
3181
3368
112
1221
2752
1554
2572
1566
878
1447
2309
3050
1185
1804
3441
3839
3135
1040
1394
3312
3845
2712
1751
3659
2916
745
1613
879
3593
2500
318
1474
716
812
18
3622
3947
2945
572
2817
3959
711
1429
2670
3396
2421
2664
3
3596
1744
2830
2549
95
3382
3120
2386
3826
2337
3655
1004
3934
369
2918
426
479
1017
2133
1916
1854
2930
2567
1162
2873
3170
2747
923
1338
338
3971
1494
1240
2041
1030
2698
1820
1033
3213
3423
359
1529
1376
2299
3633
543
1021
2205
1873
2538
1572
1482
2751
2611
2455
934
3224
3162
1302
1312
1986
3790
670
1167
3081
3244
3373
2257
2047
1792
84
2489
158
1835
3658
395
3272
1761
1041
556
147
1179
3847
2731
2521
766
1842
3112
1800
2911
2023
3424
2177
2818
3918
1150
1229
3063
1293
3617
1863
3851
1421
1881
584
1985
1586
126
1538
915
1072
3724
2085
2073
3447
88
1414
2311
235
170
2422
1533
3017
364
3084
132
3380
1990
2118
3610
3807
1742
2063
1192
286
3759
2862
3881
2523
518
3775
2656
677
470
3002
2577
954
3066
1104
419
380
3467
873
3303
2308
1764
1960
786
630
3552
811
828
1215
637
1818
2355
2747
3616
3576
3458
211
351
3622
1939
966
840
3550
56
627
3605
1209
2558
1403
1866
1359
459
549
1138
2359
2273
3538
1236
2095
1145
261
1321
2933
1651
3617
608
3544
1738
1797
3603
3757
71
688
896
1854
2048
953
409
3651
3526
1650
3848
154
3801
1878
1389
952
332
3959
3803
2888
3147
3608
3772
2910
3271
778
2515
967
938
3699
3443
1207
242
2903
281
3562
1538
242
3530
402
2934
1552
2243
1264
471
2607
3632
1523
992
792
3613
2163
3069
839
690
3594
3860
1858
3528
3539
2182
1963
2998
3590
789
2021
2380
2814
1132
866
3163
2773
3050
36
1526
3591
140
625
1312
1912
429
1861
459
157
3605
2267
3763
172
725
800
2333
1537
1003
2301
3866
471
1641
3877
1484
1290
2289
2471
936
3148
807
1264
3734
53
2125
1911
3298
2090
561
3647
3778
2984
2406
3537
1233
3258
1064
2711
341
2964
1179
3057
672
3243
3757
2593
3397
3186
3543
1609
3994
1293
1870
1185
494
3883
1998
2067
3232
1862
2950
3598
740
1775
1018
3086
3210
3570
1977
1235
797
403
3711
3803
2695
2609
3189
1591
1914
3417
1762
1750
3
810
2725
1188
2275
3623
3055
572
2561
3492
2453
2201
699
142
1125
1652
2
1923
2487
1927
3430
559
3696
2996
623
550
3125
3499
3330
230
677
2964
3096
3733
1707
3675
3787
432
2887
1993
3469
2015
157
793
1268
2822
1869
3547
706
2031
3418
2570
2725
3177
2185
2320
3958
2494
2229
3746
2022
2441
1647
537
182
2188
2720
181
2734
3585
1559
3654
1317
703
2117
2800
3484
231
1501
3141
2903
3894
2103
2792
1103
2360
115
2833
401
107
1207
1458
641
3487
249
577
155
2872
1847
2690
3367
3406
2453
2411
485
1752
2410
131
34
3537
974
3539
3600
1526
106
828
2071
2349
2612
3039
2003
544
